id;datum;fallzahl;neue_faelle;genesene;todesfaelle;7_tage_inzidenz;rel_veraenderung_der_7_tage_inzidenz;7_tage_hosp_inzidenz;its_belegung
828;2020-12-16;82218;1283;62047;928;208,8;6,8;18,8;29,8
825;2020-12-15;80935;1129;60920;899;209,1;6,8;17,4;29,2
822;2020-12-14;79806;1008;59579;846;203,6;5,1;17,8;28,0
819;2020-12-13;78798;548;58284;821;204,2;2,8;17,6;27,4
816;2020-12-12;78250;1038;57655;813;203,3;0,1;18,1;27,5
813;2020-12-11;77212;1002;57042;790;206,6;'-2,2';18,2;28,2
810;2020-12-10;76210;1656;55660;768;205,6;'-5,0';16,5;27,8
807;2020-12-09;74554;1123;54170;749;198,5;'-7,8';16,1;27,6
804;2020-12-08;73431;1348;52666;732;195,3;'-9,6';15,6;26,6
801;2020-12-07;72083;640;51266;699;191,3;'-11,1';15,1;27,3
798;2020-12-06;71443;355;49816;683;189,6;'-11,7';14,4;24,5
795;2020-12-05;71088;1320;49406;679;191,2;'-12,1';14,7;26,6
792;2020-12-04;69768;1260;48747;657;187,6;'-12,0';14,4;25,9
789;2020-12-03;68508;1244;47474;641;185,3;'-10,9';14,2;24,8
786;2020-12-02;67264;958;46150;618;188,0;'-9,4';14,4;24,5
783;2020-12-01;66306;1161;44873;594;199,0;'-8,4';14,2;24,0
780;2020-11-30;65145;925;43409;565;210,5;'-6,8';13,8;24,5
777;2020-11-29;64220;332;42014;553;213,8;'-5,5';14,5;25,2
774;2020-11-28;63888;824;41421;550;213,0;'-3,7';14,0;24,2
771;2020-11-27;63064;1400;40762;539;217,2;'-1,6';14,2;25,3
768;2020-11-26;61664;1110;39578;527;220,7;0,8;13,8;23,5
765;2020-11-25;60554;1630;38449;508;222,9;3,4;13,5;24,2
762;2020-11-24;58924;1615;37097;492;228,2;6,8;13,5;24,7
759;2020-11-23;57309;805;35963;456;228,7;9,4;13,1;24,2
756;2020-11-22;56504;436;34883;449;233,9;11,8;13,1;23,8
753;2020-11-21;56068;1051;34460;447;233,8;13,0;12,9;24,0
750;2020-11-20;55017;1703;33850;441;231,9;13,9;13,4;24,3
747;2020-11-19;53314;1251;32827;422;235,0;14,8;13,6;23,4
744;2020-11-18;52063;1457;31806;401;244,2;15,3;13,0;23,4
741;2020-11-17;50606;1572;30940;393;234,0;13,6;13,5;23,8
738;2020-11-16;49034;1337;29927;371;229,8;12,7;13,5;23,2
735;2020-11-15;47697;432;28976;362;221,9;12,6;14,0;22,1
732;2020-11-14;47265;831;28585;358;220,6;12,7;14,0;22,0
729;2020-11-13;46434;1328;28130;348;214,4;12,1;14,3;22,0
726;2020-11-12;45106;1960;27344;333;207,5;12,0;14,5;21,7
723;2020-11-11;43146;1132;26502;321;195,5;12,3;14,1;21,4
720;2020-11-10;42014;1554;25767;313;196,3;15,2;14,9;21,7
717;2020-11-09;40460;840;25044;301;194,7;18,0;16,0;21,4
714;2020-11-08;39620;241;24368;295;196,6;21,1;16,1;20,3
711;2020-11-07;39379;697;24025;294;195,0;23,3;16,0;20,0
708;2020-11-06;38682;1329;23652;292;192,4;25,0;15,5;19,2
705;2020-11-05;37353;1387;23001;287;185,6;26,9;16,0;19,5
702;2020-11-04;35966;1148;22417;272;186,9;29,6;15,8;19,1
699;2020-11-03;34818;1513;21850;265;181,3;31,2;15,4;18,2
696;2020-11-02;33305;713;21330;261;170,8;33,9;14,5;17,1
693;2020-11-01;32592;362;20839;261;169,9;38,1;12,9;13,7
690;2020-10-31;32230;791;20587;261;168,1;40,7;12,6;13,9
687;2020-10-30;31439;1084;20302;255;163,9;41,3;11,7;13,5
684;2020-10-29;30355;1131;19868;253;159,9;40,7;11,2;12,2
681;2020-10-28;29224;1161;19437;253;146,7;39,5;11,2;12,2
678;2020-10-27;28063;1040;19063;251;140,6;39,6;9,9;11,6
675;2020-10-26;27023;931;18698;251;134,0;40,1;8,9;9,8
672;2020-10-25;26092;304;18281;250;130,4;41,9;8,0;9,2
669;2020-10-24;25788;415;18075;249;127,1;42,1;8,0;9,0
666;2020-10-23;25373;893;17816;248;119,2;40,7;7,8;9,0
663;2020-10-22;24480;783;17442;245;113,1;40,2;6,8;7,8
660;2020-10-21;23697;971;17107;243;107,1;40,0;6,3;7,3
657;2020-10-20;22726;822;16759;243;96,4;40,9;5,7;6,7
654;2020-10-19;21904;476;16418;241;91,3;44,9;5,7;6,4
651;2020-10-18;21428;302;16104;241;90,0;50,1;5,3;5,3
648;2020-10-17;21126;363;15894;239;90,2;54,5;5,1;5,3
645;2020-10-16;20763;676;15708;239;86,8;55,4;5,3;4,8
642;2020-10-15;20087;551;15391;238;80,6;55,8;4,8;4,8
639;2020-10-14;19536;503;15126;236;78,1;57,1;4,4;4,6
636;2020-10-13;19033;706;14881;236;73,0;56,9;4,0;4,5
633;2020-10-12;18327;252;14652;234;65,3;56,4;3,3;3,8
630;2020-10-11;18075;247;14407;234;64,3;58,0;3,2;3,5
627;2020-10-10;17828;273;14302;234;62,3;55,9;3,0;3,1
624;2020-10-09;17555;443;14180;234;57,8;50,7;3,0;3,1
621;2020-10-08;17112;498;13965;233;53,9;44,6;2,9;3,0
618;2020-10-07;16614;378;13787;232;47,9;38,8;2,9;3,4
615;2020-10-06;16236;288;13601;231;45,1;35,1;2,6;3,3
612;2020-10-05;15948;301;13447;231;42,3;32,0;2,3;3,1
609;2020-10-04;15647;74;13270;231;40,0;30,9;2,2;3,1
606;2020-10-03;15573;203;13168;231;39,6;29,9;2,1;3,2
603;2020-10-02;15370;339;13060;231;35,9;26,8;1,8;3,1
600;2020-10-01;15031;244;12888;229;33,7;27,6;1,9;2,7
597;2020-09-30;14787;288;12751;228;31,2;29,5;1,6;2,6
594;2020-09-29;14499;173;12595;228;29,9;33,9;1,6;2,4
591;2020-09-28;14326;131;12457;228;29,6;40,1;1,4;2,1
588;2020-09-27;14195;83;12307;228;29,6;44,3;1,2;1,8
585;2020-09-26;14112;143;12242;228;28,9;46,5;1,2;1,6
582;2020-09-25;13969;159;12176;228;28,5;46,9;1,1;1,9
579;2020-09-24;13810;238;12061;228;27,1;43,3;1,0;1,6
576;2020-09-23;13572;199;11935;228;26,8;41,1;0,9;1,4
573;2020-09-22;13373;117;11843;228;25,4;36,6;0,8;1,4
570;2020-09-21;13256;148;11827;227;22,9;30,7;0,8;1,6
567;2020-09-20;13108;44;11724;227;22,3;26,7;0,7;1,3
564;2020-09-19;13064;146;11667;227;21,9;21,1;0,7;1,2
561;2020-09-18;12918;186;11608;227;19,1;14,5;0,7;1,2
558;2020-09-17;12732;140;11532;227;18,1;11,9;0,6;1,1
555;2020-09-16;12592;130;11450;227;16,5;9,6;0,5;1,1
552;2020-09-15;12462;109;11367;227;14,9;8,8;0,6;1,3
549;2020-09-14;12353;85;11272;226;15,8;10,0;0,7;1,1
546;2020-09-13;12268;15;11178;226;15,7;10,7;0,6;1,3
543;2020-09-12;12253;38;11124;226;15,9;11,1;0,6;1,1
540;2020-09-11;12215;126;11078;226;16,8;10,7;0,6;1,2
537;2020-09-10;12089;139;11012;226;15,0;9,0;0,5;1,1
534;2020-09-09;11950;72;10931;226;14,3;8,0;0,5;1,0
531;2020-09-08;11878;87;10833;226;14,5;9,0;0,6;1,1
528;2020-09-07;11791;65;10740;226;14,4;8,9;0,6;1,2
525;2020-09-06;11726;24;10662;226;14,4;8,3;0,6;0,9
522;2020-09-05;11702;80;10610;226;14,1;7,0;0,5;0,9
519;2020-09-04;11622;94;10566;226;13,7;5,9;0,6;0,9
516;2020-09-03;11528;98;10507;226;13,6;5,3;0,7;1,0
513;2020-09-02;11430;84;10440;226;13,9;5,5;0,7;1,1
510;2020-09-01;11346;81;10387;226;13,9;1,5;0,7;1,0
507;2020-08-31;11265;77;10312;226;13,1;'-3,6';0,6;0,9
504;2020-08-30;11188;6;10220;226;13,0;'-6,6';0,6;1,4
501;2020-08-29;11182;58;10185;226;12,9;'-9,0';0,6;1,5
498;2020-08-28;11124;114;10129;226;12,2;'-10,1';0,6;1,5
495;2020-08-27;11010;77;10051;226;13,1;'-10,9';0,6;1,5
492;2020-08-26;10933;82;9972;226;12,3;'-12,0';0,7;1,6
489;2020-08-25;10851;66;9875;226;12,5;'-8,9';0,7;1,5
486;2020-08-24;10785;58;9806;226;12,6;'-4,4';0,8;1,4
483;2020-08-23;10727;11;9721;226;12,7;1,5;0,7;1,1
480;2020-08-22;10716;62;9660;226;12,7;7,4;0,7;1,2
477;2020-08-21;10654;112;9609;226;12,7;12,5;0,7;1,2
474;2020-08-20;10542;80;9513;226;12,1;19,0;0,5;1,2
471;2020-08-19;10462;69;9442;224;14,1;29,0;0,5;1,2
468;2020-08-18;10393;75;9376;224;14,8;35,1;0,5;1,2
465;2020-08-17;10318;66;9322;224;14,7;38,0;0,5;1,1
462;2020-08-16;10252;15;9273;224;14,8;40,1;0,5;1,1
459;2020-08-15;10237;42;9239;224;14,4;39,6;0,5;1,2
456;2020-08-14;10195;89;9193;224;15,2;38,7;0,5;1,0
453;2020-08-13;10106;131;9132;224;15,0;33,0;0,6;1,1
450;2020-08-12;9975;125;9088;224;12,9;24,4;0,5;1,1
447;2020-08-11;9850;111;9035;224;11,7;22,2;0,4;1,1
444;2020-08-10;9739;42;8984;224;10,4;23,5;0,4;1,1
441;2020-08-09;9697;10;8936;224;10,3;27,9;0,4;1,1
438;2020-08-08;9687;48;8908;224;10,7;31,8;0,4;1,1
435;2020-08-07;9639;97;8888;224;9,9;32,1;0,4;1,2
432;2020-08-06;9542;53;8857;224;9,0;36,5;0,5;1,2
429;2020-08-05;9489;91;8800;224;9,0;46,1;0,6;1,2
426;2020-08-04;9398;32;8748;223;9,2;55,3;0,7;1,5
423;2020-08-03;9366;39;8705;223;9,0;63,1;0,7;1,4
420;2020-08-02;9327;9;8658;223;9,1;69,7;0,7;1,4
417;2020-08-01;9318;45;8627;223;8,7;71,5;0,7;1,2
414;2020-07-31;9273;82;8590;223;8,2;73,1;0,7;1,1
411;2020-07-30;9191;42;8572;223;8,2;69,5;0,7;1,2
408;2020-07-29;9149;79;8542;223;7,1;55,5;0,7;1,5
405;2020-07-28;9070;51;8514;223;6,2;40,2;0,6;1,5
402;2020-07-27;9019;19;8482;223;5,9;25,4;0,6;1,4
399;2020-07-26;9000;10;8450;223;5,8;10,0;0,6;1,5
396;2020-07-25;8990;34;8429;223;5,9;'-4,5';0,8;1,6
393;2020-07-24;8956;63;8418;223;4,8;'-20,2';0,7;1,6
390;2020-07-23;8893;34;8386;222;3,9;'-28,1';0,7;1,6
387;2020-07-22;8859;23;8356;222;3,9;'-32,8';0,6;1,5
384;2020-07-21;8836;35;8312;222;3,6;'-34,5';0,5;1,5
381;2020-07-20;8801;23;8283;221;3,6;'-33,9';0,5;1,5
378;2020-07-19;8778;5;8250;221;3,6;'-33,4';0,4;1,5
375;2020-07-18;8773;26;8235;221;3,2;'-31,7';0,4;1,5
372;2020-07-17;8747;23;8199;221;3,6;'-27,1';0,4;1,5
369;2020-07-16;8724;26;8169;221;4,0;'-22,6';0,5;1,2
366;2020-07-15;8698;25;8114;221;4,6;'-18,7';0,5;1,3
363;2020-07-14;8673;18;8069;220;5,0;'-16,6';0,6;1,2
360;2020-07-13;8655;18;8036;219;5,1;'-16,9';1,0;1,7
357;2020-07-12;8637;1;7995;217;5,2;'-17,2';0,9;1,8
354;2020-07-11;8636;20;7967;217;5,9;'-17,4';0,8;1,2
351;2020-07-10;8616;31;7938;216;6,1;'-19,2';0,9;1,3
348;2020-07-09;8585;49;7896;216;6,7;'-25,7';1,5;1,5
345;2020-07-08;8536;35;7828;216;6,7;'-34,0';1,4;2,1
342;2020-07-07;8501;40;7778;215;6,6;'-39,2';1,7;2,2
339;2020-07-06;8461;11;7738;215;7,2;'-41,1';1,7;2,4
336;2020-07-05;8450;17;7670;215;7,2;'-40,1';1,7;2,3
333;2020-07-04;8433;41;7646;215;6,8;'-37,7';1,6;2,3
330;2020-07-03;8392;48;7612;214;6,8;'-35,4';1,7;2,4
327;2020-07-02;8344;43;7515;214;7,0;'-29,1';1,6;1,7
324;2020-07-01;8301;59;7433;214;7,3;'-20,1';1,6;2,0
321;2020-06-30;8242;23;7349;214;8,3;'-11,1';1,6;2,7
318;2020-06-29;8219;44;7272;214;8,6;'-2,1';1,4;2,5
315;2020-06-28;8175;8;7217;213;9,1;7,6;1,5;2,4
312;2020-06-27;8167;23;7196;213;9,5;18,3;1,5;2,3
309;2020-06-26;8144;49;7125;213;12,1;33,2;1,6;2,4
306;2020-06-25;8095;75;7081;212;13,9;44,9;1,1;2,6
303;2020-06-24;8020;46;7032;212;14,6;53,2;1,2;2,7
300;2020-06-23;7974;59;6961;211;14,8;59,1;1,0;2,8
297;2020-06-22;7915;83;6920;211;13,9;62,3;1,1;3,1
294;2020-06-21;7832;29;6886;211;13,7;67,4;1,1;3,3
291;2020-06-20;7803;71;6874;211;14,6;66,8;1,2;3,3
288;2020-06-19;7732;130;6850;211;12,0;53,0;1,1;3,3
285;2020-06-18;7602;128;6806;211;10,0;45,7;1,0;3,6
282;2020-06-17;7474;73;6778;210;9,7;45,0;1,2;3,6
279;2020-06-16;7401;33;6725;209;9,2;43,3;1,4;3,6
276;2020-06-15;7368;47;6685;208;9,2;43,0;1,2;3,2
273;2020-06-14;7321;40;6656;208;9,1;36,6;1,1;3,4
270;2020-06-13;7281;30;6627;208;7,6;29,7;1,0;3,3
267;2020-06-12;7251;87;6609;208;7,5;29,0;0,9;3,3
264;2020-06-11;7164;29;6582;208;6,9;25,8;0,9;3,3
261;2020-06-10;7135;54;6559;208;6,3;24,9;1,0;3,3
258;2020-06-09;7081;40;6531;206;5,9;24,6;0,9;3,2
255;2020-06-08;7041;26;6531;206;5,2;22,0;1,2;3,4
252;2020-06-07;7015;19;6470;205;5,7;21,3;1,2;3,5
249;2020-06-06;6996;33;6455;205;5,9;16,1;1,1;3,4
246;2020-06-05;6963;18;6443;201;5,7;7,7;1,3;3,8
243;2020-06-04;6945;45;6412;200;5,5;2,3;1,3;3,6
240;2020-06-03;6900;27;6388;200;5,1;'-6,6';1,0;3,6
237;2020-06-02;6873;35;6358;198;4,6;'-13,9';0,9;3,4
234;2020-06-01;6838;23;6319;198;5,1;'-16,8';;3,3
231;2020-05-31;6815;16;6279;198;4,5;'-19,0';;3,2
228;2020-05-30;6799;33;6259;198;4,1;'-18,4';;3,3
225;2020-05-29;6766;29;6240;197;4,2;'-16,3';;3,4
222;2020-05-28;6737;35;6208;196;3,9;'-13,1';;3,2
219;2020-05-27;6702;30;6175;195;4,0;'-9,5';;3,7
216;2020-05-26;6672;21;6123;193;4,6;'-5,5';;4,4
213;2020-05-25;6651;10;6086;191;4,9;'-4,7';;4,5
210;2020-05-24;6641;5;6060;191;5,0;'-7,6';;
207;2020-05-23;6636;25;6049;191;5,2;'-12,0';;
204;2020-05-22;6611;29;6018;190;4,8;'-16,8';;
201;2020-05-21;6582;30;5987;190;5,7;'-20,1';;
198;2020-05-20;6552;49;5959;186;6,0;'-23,9';;
195;2020-05-19;6503;29;5918;186;5,8;'-27,3';;
192;2020-05-18;6474;20;5880;182;5,4;'-30,0';;
189;2020-05-17;6454;11;5850;180;5,4;'-30,5';;
186;2020-05-16;6443;19;5825;181;5,4;'-29,1';;
183;2020-05-15;6424;31;5787;181;5,1;'-28,1';;
180;2020-05-14;6393;55;5737;177;5,4;'-28,0';;
177;2020-05-13;6338;44;5687;173;5,4;'-28,4';;
174;2020-05-12;6294;25;5641;170;5,9;'-27,8';;
171;2020-05-11;6269;2;5586;165;6,8;'-26,3';;
168;2020-05-10;6267;11;5518;165;7,4;'-24,5';;
165;2020-05-09;6256;20;5477;165;7,8;'-23,1';;
162;2020-05-08;6236;33;5431;164;8,4;'-22,6';;
159;2020-05-07;6203;60;5364;163;8,3;'-23,7';;
156;2020-05-06;6143;57;5296;162;8,6;'-23,6';;
153;2020-05-05;6086;50;5296;162;9,2;'-23,8';;
150;2020-05-04;6036;32;5154;154;9,3;'-23,4';;
147;2020-05-03;6004;34;5091;154;9,1;'-22,6';;
144;2020-05-02;5970;34;5040;154;9,6;'-21,2';;
141;2020-05-01;5936;55;4978;152;10,9;'-19,6';;
138;2020-04-30;5881;60;4897;149;11,8;'-17,4';;
135;2020-04-29;5821;83;4837;147;12,2;'-18,3';;
132;2020-04-28;5738;61;4730;137;12,2;'-20,7';;
129;2020-04-27;5677;33;4652;127;11,9;'-25,3';;
126;2020-04-26;5644;37;4587;125;12,1;'-29,5';;
123;2020-04-25;5607;75;4508;123;12,9;'-31,9';;
120;2020-04-24;5532;56;4412;113;14,1;'-33,1';;
117;2020-04-23;5476;121;;112;14,3;'-36,5';;
114;2020-04-22;5355;14;;105;15,1;'-38,5';;
111;2020-04-21;5341;76;;105;15,1;'-38,8';;
108;2020-04-20;5265;40;;97;15,5;'-37,7';;
105;2020-04-19;5225;38;;94;16,1;'-35,9';;
102;2020-04-18;5187;96;;92;16,3;'-33,4';;
99;2020-04-17;5091;120;;91;15,3;'-31,4';;
96;2020-04-16;4971;101;;84;17,6;'-27,4';;
93;2020-04-15;4870;141;;74;19,4;'-24,1';;
90;2020-04-14;4729;62;;62;22,9;'-21,3';;
87;2020-04-13;4667;84;;56;25,1;'-18,9';;
84;2020-04-12;4583;30;;51;25,8;'-16,6';;
81;2020-04-11;4553;107;;50;26,4;'-13,6';;
78;2020-04-10;4446;89;;46;30,6;'-9,2';;
75;2020-04-09;4357;145;;42;32,2;'-6,0';;
72;2020-04-08;4212;174;;37;32,5;'-2,0';;
69;2020-04-07;4038;176;;32;32,8;3,3;;
66;2020-04-06;3862;175;;28;33,5;10,0;;
63;2020-04-05;3687;61;;26;33,7;17,9;;
60;2020-04-04;3626;140;;24;36,2;26,5;;
57;2020-04-03;3486;263;;22;35,4;35,0;;
54;2020-04-02;3223;230;;20;36,7;46,7;;
51;2020-04-01;2993;216;;;38,2;60,6;;
48;2020-03-31;2777;196;;16;37,8;75,3;;
45;2020-03-30;2581;119;;13;37,5;92,0;;
42;2020-03-29;2462;125;;11;37,0;109,6;;
39;2020-03-28;2337;185;;9;35,1;125,9;;
36;2020-03-27;2152;215;;8;34,0;144,3;;
33;2020-03-26;1937;292;;7;31,2;160,7;;
30;2020-03-25;1645;220;;4;28,5;180,4;;
27;2020-03-24;1425;206;;3;25,6;204,4;;
24;2020-03-23;1219;148;;2;23,0;237,1;;
21;2020-03-22;1071;46;;1;21,8;278,8;;
18;2020-03-21;1025;157;;1;19,2;299,0;;
15;2020-03-20;868;180;;1;16,2;294,8;;
12;2020-03-19;688;169;;;12,5;262,5;;
9;2020-03-18;519;136;;;9,7;246,1;;
6;2020-03-17;383;51;;;8,1;267,7;;
3;2020-03-16;332;332;;;7,0;;;
